function r = init(r)

% r.palette  = [ 0                         0                         0;...
%      0                         0                        1;...
%      0                         1                         0;...
%      0                         1                         1;...
%      1                         0                         0;...
%      1                         0                         1;...
%      1                         1                         0;...
%      0.5                       0.5                         0.5;...
%      0.5                       0.5                        1;...
%      0.5                       1                         0.5;...
%      0.5                       1                         1;...
%      1                         0.5                         0.5;...
%      1                         0.5                         1;...
%      1                         1                         0.5;...
%      0.25                       0.25                         0.25;...
%      0.25                       0.25                        1;...
%      0.25                       1                         0.25;...
%      0.25                       1                         1;...
%      1                         0.25                         0.25;...
%      1                         0.25                         1;...
%      1                         1                         0.25;...
%       1.0  0.3   0.;... %2
%        0.  0.8   0.3;...  %3
%        0.8    0.7   0.1;...   %4   yellow
%        0.5   0.7   0.5;...    %5
%            0.    1.    0;...    %6
%            0    0     1;...    %7
%            1    0.      1;    %8
%            0.   1     1.;...  %9
%            0.5    0.8   0.2];
% 

r.palette = ...
    [ 0.5 0.5 0.5
   0.5 0.5 1
   0.5 1 0.5
   0.5 1 1
   1 0.5 0.5
   1 0.5 1
   1 1  0.5
    0.25 0.25 1
    0.25 1 0.25
    0.25 1 1
    0 0 1 % 1 BLUE
   0 1 0 % 2 GREEN (pale)
   1 0 0 % 3 RED
   0 1 1 % 4 CYAN
   1 0 1 % 5 MAGENTA (pale)
   1 1 0 % 6 YELLOW (pale)
   0 0 0 % 7 BLACK
   0 0.75 0.75 % 8 TURQUOISE
   0 0.5 0 % 9 GREEN (dark)
   0.75 0.75 0 % 10 YELLOW (dark)
   1 0.50 0.25 % 11 ORANGE
   0.75 0 0.75 % 12 MAGENTA (dark)
   0.7 0.7 0.7 % 13 GREY
   0.8 0.7 0.6 % 14 BROWN (pale)
   0.6 0.5 0.4  % 15 BROWN (dark)
   ];

r.counter = 1;
